# number of interfaces
 2
#
# for each interface below, we give the number of points and then x,z for each point
#
# interface number 1 (bottom of the mesh)
2
0 0
5110 0
# interface number 2 (topography, top of the mesh)
512
0.000000 3971.415878
10.000000 3969.970966
20.000000 3968.264495
30.000000 3966.350820
40.000000 3964.305578
50.000000 3962.436461
60.000000 3960.810970
70.000000 3959.310943
80.000000 3957.767985
90.000000 3956.016286
100.000000 3954.172537
110.000000 3952.563589
120.000000 3951.344375
130.000000 3950.445602
140.000000 3949.667197
150.000000 3948.782458
160.000000 3947.602982
170.000000 3946.004172
180.000000 3944.144845
190.000000 3942.438885
200.000000 3941.157746
210.000000 3940.338123
220.000000 3939.900815
230.000000 3939.718420
240.000000 3939.689783
250.000000 3939.738536
260.000000 3939.816355
270.000000 3939.898559
280.000000 3939.977933
290.000000 3940.056749
300.000000 3940.139218
310.000000 3940.223805
320.000000 3940.295228
330.000000 3940.317645
340.000000 3940.234775
350.000000 3939.949346
360.000000 3939.359241
370.000000 3938.378928
380.000000 3936.917211
390.000000 3935.129279
400.000000 3933.306278
410.000000 3931.690271
420.000000 3930.209141
430.000000 3928.677684
440.000000 3926.891754
450.000000 3924.779020
460.000000 3922.499823
470.000000 3920.113221
480.000000 3917.504165
490.000000 3914.604909
500.000000 3911.504599
510.000000 3908.241393
520.000000 3904.781419
530.000000 3901.182625
540.000000 3897.403848
550.000000 3893.359649
560.000000 3889.165243
570.000000 3884.952698
580.000000 3880.843073
590.000000 3876.750689
600.000000 3872.547375
610.000000 3868.358491
620.000000 3864.297780
630.000000 3860.471757
640.000000 3856.839197
650.000000 3853.315487
660.000000 3849.979249
670.000000 3846.796762
680.000000 3843.748679
690.000000 3840.955855
700.000000 3838.397100
710.000000 3835.974274
720.000000 3833.733517
730.000000 3831.954159
740.000000 3830.746023
750.000000 3830.035513
760.000000 3829.685969
770.000000 3829.551846
780.000000 3829.522519
790.000000 3829.532701
800.000000 3829.565924
810.000000 3829.650383
820.000000 3829.846568
830.000000 3830.234812
840.000000 3830.923336
850.000000 3832.043230
860.000000 3833.637230
870.000000 3835.565891
880.000000 3837.557326
890.000000 3839.520526
900.000000 3841.529803
910.000000 3843.714770
920.000000 3846.099289
930.000000 3848.561518
940.000000 3851.093768
950.000000 3853.805546
960.000000 3856.770807
970.000000 3859.888605
980.000000 3863.134350
990.000000 3866.505976
1000.000000 3869.886361
1010.000000 3873.271648
1020.000000 3876.689932
1030.000000 3880.096288
1040.000000 3883.535972
1050.000000 3887.093435
1060.000000 3890.732671
1070.000000 3894.512050
1080.000000 3898.493477
1090.000000 3902.572836
1100.000000 3906.625214
1110.000000 3910.492780
1120.000000 3914.214893
1130.000000 3917.920174
1140.000000 3921.629941
1150.000000 3925.456982
1160.000000 3929.487502
1170.000000 3933.592329
1180.000000 3937.614670
1190.000000 3941.423952
1200.000000 3945.072638
1210.000000 3948.619346
1220.000000 3952.037168
1230.000000 3955.397146
1240.000000 3958.686791
1250.000000 3961.767719
1260.000000 3964.654768
1270.000000 3967.222697
1280.000000 3969.446853
1290.000000 3971.405028
1300.000000 3973.314389
1310.000000 3975.252791
1320.000000 3977.053204
1330.000000 3978.442908
1340.000000 3979.416953
1350.000000 3979.906567
1360.000000 3980.159645
1370.000000 3980.213505
1380.000000 3980.197569
1390.000000 3980.153098
1400.000000 3980.101673
1410.000000 3980.010557
1420.000000 3979.831450
1430.000000 3979.437812
1440.000000 3978.747457
1450.000000 3977.605586
1460.000000 3975.965836
1470.000000 3973.875537
1480.000000 3971.561032
1490.000000 3969.161043
1500.000000 3966.651275
1510.000000 3964.029230
1520.000000 3961.449724
1530.000000 3959.001754
1540.000000 3956.643789
1550.000000 3954.386424
1560.000000 3952.396855
1570.000000 3950.739281
1580.000000 3949.283412
1590.000000 3947.804575
1600.000000 3946.153050
1610.000000 3944.348483
1620.000000 3942.685730
1630.000000 3941.406711
1640.000000 3940.577710
1650.000000 3940.117698
1660.000000 3939.921272
1670.000000 3939.881652
1680.000000 3939.911705
1690.000000 3939.957817
1700.000000 3940.014725
1710.000000 3940.115656
1720.000000 3940.305709
1730.000000 3940.680362
1740.000000 3941.354418
1750.000000 3942.417622
1760.000000 3943.959360
1770.000000 3945.833380
1780.000000 3947.799190
1790.000000 3949.782465
1800.000000 3951.886630
1810.000000 3954.287125
1820.000000 3957.029723
1830.000000 3959.998392
1840.000000 3963.127833
1850.000000 3966.351275
1860.000000 3969.552402
1870.000000 3972.699499
1880.000000 3975.790385
1890.000000 3978.772783
1900.000000 3981.751014
1910.000000 3984.908880
1920.000000 3988.381931
1930.000000 3992.070170
1940.000000 3995.838561
1950.000000 3999.557567
1960.000000 4003.224068
1970.000000 4006.894145
1980.000000 4010.572952
1990.000000 4014.339482
2000.000000 4018.275488
2010.000000 4022.328655
2020.000000 4026.411116
2030.000000 4030.443837
2040.000000 4034.467718
2050.000000 4038.557458
2060.000000 4042.681673
2070.000000 4046.779537
2080.000000 4050.776047
2090.000000 4054.734092
2100.000000 4058.764832
2110.000000 4062.838573
2120.000000 4066.887657
2130.000000 4070.835376
2140.000000 4074.763083
2150.000000 4078.751243
2160.000000 4082.739273
2170.000000 4086.633013
2180.000000 4090.304542
2190.000000 4093.812997
2200.000000 4097.204340
2210.000000 4100.417331
2220.000000 4103.477679
2230.000000 4106.405929
2240.000000 4109.100131
2250.000000 4111.642647
2260.000000 4114.128535
2270.000000 4116.638987
2280.000000 4119.107041
2290.000000 4121.524802
2300.000000 4123.982529
2310.000000 4126.547334
2320.000000 4129.176613
2330.000000 4131.912751
2340.000000 4134.904659
2350.000000 4138.284018
2360.000000 4141.969539
2370.000000 4145.881195
2380.000000 4149.954930
2390.000000 4154.259735
2400.000000 4158.924687
2410.000000 4164.043395
2420.000000 4169.639771
2430.000000 4175.633716
2440.000000 4181.857654
2450.000000 4188.262695
2460.000000 4194.999674
2470.000000 4202.255232
2480.000000 4210.027408
2490.000000 4217.947054
2500.000000 4225.702307
2510.000000 4233.291224
2520.000000 4240.630182
2530.000000 4247.737074
2540.000000 4254.626499
2550.000000 4261.223452
2560.000000 4267.523565
2570.000000 4273.567797
2580.000000 4279.296370
2590.000000 4284.545968
2600.000000 4289.205499
2610.000000 4292.941006
2620.000000 4296.243820
2630.000000 4299.162354
2640.000000 4301.498315
2650.000000 4303.426764
2660.000000 4305.049370
2670.000000 4305.846566
2680.000000 4306.040723
2690.000000 4305.581414
2700.000000 4304.278535
2710.000000 4302.702168
2720.000000 4300.887749
2730.000000 4298.639406
2740.000000 4295.919440
2750.000000 4292.715827
2760.000000 4289.097262
2770.000000 4285.322783
2780.000000 4281.673945
2790.000000 4278.316594
2800.000000 4275.288800
2810.000000 4272.691940
2820.000000 4270.510882
2830.000000 4268.543316
2840.000000 4266.606129
2850.000000 4264.670887
2860.000000 4262.944848
2870.000000 4261.659567
2880.000000 4260.822644
2890.000000 4260.407631
2900.000000 4260.265964
2910.000000 4260.291066
2920.000000 4260.382380
2930.000000 4260.446240
2940.000000 4260.384954
2950.000000 4260.096248
2960.000000 4259.478688
2970.000000 4258.441793
2980.000000 4256.882362
2990.000000 4254.741327
3000.000000 4252.209609
3010.000000 4249.313288
3020.000000 4246.058533
3030.000000 4242.410533
3040.000000 4238.285032
3050.000000 4233.589658
3060.000000 4228.342758
3070.000000 4222.676500
3080.000000 4216.686255
3090.000000 4210.362298
3100.000000 4203.680116
3110.000000 4196.690170
3120.000000 4189.378990
3130.000000 4181.762156
3140.000000 4173.858702
3150.000000 4165.597248
3160.000000 4157.004329
3170.000000 4148.542254
3180.000000 4140.442077
3190.000000 4132.662147
3200.000000 4125.127041
3210.000000 4117.777584
3220.000000 4110.528183
3230.000000 4103.440935
3240.000000 4096.567673
3250.000000 4090.022754
3260.000000 4083.861800
3270.000000 4078.058527
3280.000000 4072.510743
3290.000000 4067.149424
3300.000000 4061.900512
3310.000000 4056.724318
3320.000000 4051.607391
3330.000000 4046.565881
3340.000000 4041.604314
3350.000000 4036.778599
3360.000000 4032.095045
3370.000000 4027.607617
3380.000000 4023.335959
3390.000000 4019.244747
3400.000000 4015.216193
3410.000000 4011.193930
3420.000000 4007.232024
3430.000000 4003.402200
3440.000000 3999.749057
3450.000000 3996.230242
3460.000000 3992.793105
3470.000000 3989.439856
3480.000000 3986.127449
3490.000000 3982.852971
3500.000000 3979.690231
3510.000000 3976.651522
3520.000000 3973.743753
3530.000000 3971.082420
3540.000000 3968.587802
3550.000000 3966.186177
3560.000000 3963.869492
3570.000000 3961.741729
3580.000000 3959.767049
3590.000000 3957.837776
3600.000000 3955.886725
3610.000000 3954.025344
3620.000000 3952.518584
3630.000000 3951.464479
3640.000000 3950.828653
3650.000000 3950.496925
3660.000000 3950.358148
3670.000000 3950.315279
3680.000000 3950.306946
3690.000000 3950.299140
3700.000000 3950.281865
3710.000000 3950.246070
3720.000000 3950.184420
3730.000000 3950.098932
3740.000000 3950.002053
3750.000000 3949.904205
3760.000000 3949.811963
3770.000000 3949.739601
3780.000000 3949.718519
3790.000000 3949.806568
3800.000000 3950.091470
3810.000000 3950.682661
3820.000000 3951.707993
3830.000000 3953.222052
3840.000000 3955.096172
3850.000000 3956.896219
3860.000000 3958.212136
3870.000000 3958.772346
3880.000000 3958.596412
3890.000000 3957.531191
3900.000000 3955.749708
3910.000000 3953.285369
3920.000000 3950.501615
3930.000000 3947.537929
3940.000000 3944.573572
3950.000000 3941.821500
3960.000000 3939.269245
3970.000000 3936.764360
3980.000000 3934.240961
3990.000000 3931.805117
4000.000000 3929.436412
4010.000000 3927.027130
4020.000000 3924.613417
4030.000000 3922.396272
4040.000000 3920.354614
4050.000000 3918.349769
4060.000000 3916.328668
4070.000000 3914.411273
4080.000000 3912.832555
4090.000000 3911.699743
4100.000000 3910.848050
4110.000000 3910.048752
4120.000000 3909.090958
4130.000000 3907.825555
4140.000000 3906.224410
4150.000000 3904.446088
4160.000000 3902.773756
4170.000000 3901.275588
4180.000000 3899.818231
4190.000000 3898.208187
4200.000000 3896.303007
4210.000000 3894.129347
4220.000000 3891.845414
4230.000000 3889.437160
4240.000000 3886.781606
4250.000000 3883.841871
4260.000000 3880.720151
4270.000000 3877.416535
4280.000000 3873.927856
4290.000000 3870.313519
4300.000000 3866.498899
4310.000000 3862.463587
4320.000000 3858.347715
4330.000000 3854.314168
4340.000000 3850.486743
4350.000000 3846.818368
4360.000000 3843.272366
4370.000000 3839.912649
4380.000000 3836.708747
4390.000000 3833.680006
4400.000000 3830.918658
4410.000000 3828.402576
4420.000000 3826.066867
4430.000000 3823.971422
4440.000000 3822.304435
4450.000000 3821.081433
4460.000000 3820.137826
4470.000000 3819.245573
4480.000000 3818.191118
4490.000000 3816.860710
4500.000000 3815.240066
4510.000000 3813.524521
4520.000000 3812.155527
4530.000000 3811.443380
4540.000000 3811.484982
4550.000000 3812.311616
4560.000000 3813.833739
4570.000000 3815.647349
4580.000000 3817.286816
4590.000000 3818.522647
4600.000000 3819.426221
4610.000000 3820.169289
4620.000000 3821.023597
4630.000000 3822.243249
4640.000000 3823.967011
4650.000000 3826.126849
4660.000000 3828.480076
4670.000000 3830.982310
4680.000000 3833.723453
4690.000000 3836.732417
4700.000000 3839.892208
4710.000000 3843.219639
4720.000000 3846.761227
4730.000000 3850.465098
4740.000000 3854.421045
4750.000000 3858.702678
4760.000000 3863.239823
4770.000000 3867.915340
4780.000000 3872.540173
4790.000000 3877.022078
4800.000000 3881.337571
4810.000000 3885.701704
4820.000000 3890.311959
4830.000000 3895.084812
4840.000000 3899.841705
4850.000000 3904.327785
4860.000000 3908.377324
4870.000000 3911.905773
4880.000000 3914.998681
4890.000000 3917.634251
4900.000000 3919.843281
4910.000000 3921.784529
4920.000000 3923.670453
4930.000000 3925.567600
4940.000000 3927.301581
4950.000000 3928.645148
4960.000000 3929.528658
4970.000000 3930.038823
4980.000000 3930.264813
4990.000000 3930.313855
5000.000000 3930.275328
5010.000000 3930.199448
5020.000000 3930.123449
5030.000000 3930.062908
5040.000000 3930.021481
5050.000000 3929.997719
5060.000000 3929.986996
5070.000000 3929.984500
5080.000000 3930.004612
5090.000000 3930.033016
5100.000000 3930.063772
5110.000000 3930.124450
#
# for each layer, we give the number of spectral elements in the vertical direction
#
# layer number 1
500
