0.000000 3971.391218
10.000000 3969.812437
20.000000 3968.097660
30.000000 3966.155101
40.000000 3964.087006
50.000000 3962.215533
60.000000 3960.617532
70.000000 3959.143742
80.000000 3957.581076
90.000000 3955.803556
100.000000 3953.930677
110.000000 3952.336500
120.000000 3951.164043
130.000000 3950.315642
140.000000 3949.571829
150.000000 3948.679829
160.000000 3947.432153
170.000000 3945.759258
180.000000 3943.855473
190.000000 3942.176380
200.000000 3940.954939
210.000000 3940.198842
220.000000 3939.812533
230.000000 3939.674407
240.000000 3939.677471
250.000000 3939.744937
260.000000 3939.831197
270.000000 3939.915835
280.000000 3939.995344
290.000000 3940.074718
300.000000 3940.159418
310.000000 3940.247346
320.000000 3940.320408
330.000000 3940.336022
340.000000 3940.220524
350.000000 3939.868832
360.000000 3939.157750
370.000000 3937.983186
380.000000 3936.333000
390.000000 3934.404659
400.000000 3932.600300
410.000000 3931.046194
420.000000 3929.604411
430.000000 3928.030530
440.000000 3926.121891
450.000000 3923.878360
460.000000 3921.526527
470.000000 3919.073620
480.000000 3916.375898
490.000000 3913.386338
500.000000 3910.258525
510.000000 3906.976382
520.000000 3903.500548
530.000000 3899.930590
540.000000 3896.184252
550.000000 3892.189161
560.000000 3888.091998
570.000000 3883.988893
580.000000 3880.000211
590.000000 3876.012188
600.000000 3871.911025
610.000000 3867.816926
620.000000 3863.825541
630.000000 3860.082446
640.000000 3856.513196
650.000000 3853.032199
660.000000 3849.734411
670.000000 3846.575176
680.000000 3843.534093
690.000000 3840.764603
700.000000 3838.228880
710.000000 3835.808741
720.000000 3833.561190
730.000000 3831.792811
740.000000 3830.612753
750.000000 3829.941076
760.000000 3829.628092
770.000000 3829.524029
780.000000 3829.512820
790.000000 3829.524452
800.000000 3829.537246
810.000000 3829.577060
820.000000 3829.715577
830.000000 3830.065129
840.000000 3830.762972
850.000000 3831.934045
860.000000 3833.619104
870.000000 3835.656931
880.000000 3837.685188
890.000000 3839.609335
900.000000 3841.568048
910.000000 3843.738494
920.000000 3846.137508
930.000000 3848.570929
940.000000 3851.063609
950.000000 3853.782317
960.000000 3856.783694
970.000000 3859.908106
980.000000 3863.148832
990.000000 3866.506401
1000.000000 3869.831180
1010.000000 3873.156773
1020.000000 3876.533655
1030.000000 3879.862434
1040.000000 3883.224488
1050.000000 3886.714397
1060.000000 3890.268827
1070.000000 3893.985264
1080.000000 3897.931610
1090.000000 3901.940076
1100.000000 3905.882010
1110.000000 3909.602526
1120.000000 3913.195564
1130.000000 3916.796933
1140.000000 3920.389416
1150.000000 3924.109582
1160.000000 3928.052931
1170.000000 3932.066951
1180.000000 3936.025995
1190.000000 3939.765302
1200.000000 3943.354506
1210.000000 3946.889215
1220.000000 3950.297159
1230.000000 3953.652594
1240.000000 3957.000934
1250.000000 3960.189121
1260.000000 3963.200003
1270.000000 3966.000474
1280.000000 3968.407598
1290.000000 3970.478285
1300.000000 3972.434287
1310.000000 3974.451443
1320.000000 3976.461144
1330.000000 3978.116425
1340.000000 3979.263450
1350.000000 3979.945208
1360.000000 3980.286101
1370.000000 3980.421688
1380.000000 3980.462343
1390.000000 3980.477850
1400.000000 3980.492181
1410.000000 3980.481540
1420.000000 3980.373331
1430.000000 3980.048429
1440.000000 3979.353988
1450.000000 3978.138478
1460.000000 3976.323653
1470.000000 3974.027412
1480.000000 3971.576641
1490.000000 3969.064729
1500.000000 3966.428421
1510.000000 3963.700060
1520.000000 3961.104017
1530.000000 3958.659116
1540.000000 3956.271262
1550.000000 3953.979496
1560.000000 3952.027466
1570.000000 3950.421874
1580.000000 3948.960903
1590.000000 3947.398136
1600.000000 3945.592764
1610.000000 3943.668207
1620.000000 3942.023928
1630.000000 3940.854566
1640.000000 3940.144450
1650.000000 3939.784801
1660.000000 3939.646550
1670.000000 3939.618462
1680.000000 3939.622808
1690.000000 3939.619474
1700.000000 3939.606192
1710.000000 3939.618914
1720.000000 3939.732538
1730.000000 3940.058390
1740.000000 3940.731003
1750.000000 3941.873294
1760.000000 3943.527250
1770.000000 3945.539003
1780.000000 3947.562661
1790.000000 3949.531568
1800.000000 3951.623714
1810.000000 3954.061878
1820.000000 3956.900702
1830.000000 3959.948628
1840.000000 3963.153876
1850.000000 3966.467182
1860.000000 3969.688758
1870.000000 3972.806963
1880.000000 3975.843001
1890.000000 3978.705416
1900.000000 3981.554680
1910.000000 3984.680941
1920.000000 3988.214263
1930.000000 3991.976498
1940.000000 3995.797591
1950.000000 3999.475523
1960.000000 4003.064232
1970.000000 4006.671595
1980.000000 4010.265418
1990.000000 4013.979910
2000.000000 4017.920724
2010.000000 4021.958418
2020.000000 4026.003196
2030.000000 4029.935970
2040.000000 4033.872530
2050.000000 4037.935009
2060.000000 4042.022852
2070.000000 4046.074915
2080.000000 4049.995033
2090.000000 4053.915079
2100.000000 4057.967426
2110.000000 4062.057402
2120.000000 4066.126296
2130.000000 4070.076675
2140.000000 4074.033786
2150.000000 4078.115098
2160.000000 4082.199294
2170.000000 4086.186835
2180.000000 4089.926531
2190.000000 4093.485970
2200.000000 4096.943094
2210.000000 4100.195618
2220.000000 4103.283691
2230.000000 4106.230642
2240.000000 4108.900449
2250.000000 4111.371978
2260.000000 4113.837356
2270.000000 4116.351613
2280.000000 4118.751896
2290.000000 4121.075424
2300.000000 4123.485506
2310.000000 4126.036464
2320.000000 4128.598389
2330.000000 4131.270879
2340.000000 4134.291846
2350.000000 4137.766308
2360.000000 4141.529208
2370.000000 4145.467383
2380.000000 4149.478495
2390.000000 4153.745585
2400.000000 4158.499577
2410.000000 4163.755392
2420.000000 4169.502958
2430.000000 4175.515139
2440.000000 4181.610090
2450.000000 4187.886408
2460.000000 4194.445322
2470.000000 4201.428046
2480.000000 4208.690865
2490.000000 4215.942590
2500.000000 4223.023131
2510.000000 4230.014326
2520.000000 4236.863854
2530.000000 4243.520324
2540.000000 4250.082510
2550.000000 4256.465391
2560.000000 4262.578684
2570.000000 4268.523395
2580.000000 4274.312135
2590.000000 4279.941110
2600.000000 4285.144643
2610.000000 4289.670034
2620.000000 4293.594757
2630.000000 4297.039292
2640.000000 4299.939314
2650.000000 4302.368976
2660.000000 4304.416342
2670.000000 4305.938946
2680.000000 4306.528103
2690.000000 4306.030124
2700.000000 4304.656628
2710.000000 4302.864148
2720.000000 4300.817201
2730.000000 4298.398134
2740.000000 4295.413775
2750.000000 4291.840557
2760.000000 4287.956687
2770.000000 4284.028160
2780.000000 4280.359377
2790.000000 4277.014263
2800.000000 4274.015412
2810.000000 4271.511551
2820.000000 4269.408284
2830.000000 4267.453383
2840.000000 4265.451321
2850.000000 4263.462016
2860.000000 4261.833375
2870.000000 4260.727760
2880.000000 4260.115479
2890.000000 4259.885840
2900.000000 4259.910226
2910.000000 4260.067203
2920.000000 4260.242105
2930.000000 4260.313246
2940.000000 4260.136459
2950.000000 4259.540386
2960.000000 4258.347008
2970.000000 4256.434225
2980.000000 4253.857226
2990.000000 4250.872181
3000.000000 4247.523005
3010.000000 4243.772462
3020.000000 4239.671040
3030.000000 4235.064497
3040.000000 4229.839901
3050.000000 4224.221510
3060.000000 4218.456151
3070.000000 4212.537618
3080.000000 4206.449976
3090.000000 4200.093013
3100.000000 4193.559342
3110.000000 4186.935219
3120.000000 4180.119141
3130.000000 4173.152615
3140.000000 4166.067742
3150.000000 4158.750001
3160.000000 4151.315309
3170.000000 4144.006534
3180.000000 4136.932915
3190.000000 4129.965783
3200.000000 4123.114738
3210.000000 4116.390865
3220.000000 4109.658324
3230.000000 4102.975666
3240.000000 4096.434776
3250.000000 4089.994279
3260.000000 4083.800982
3270.000000 4077.998144
3280.000000 4072.509082
3290.000000 4067.285408
3300.000000 4062.190064
3310.000000 4057.188648
3320.000000 4052.192853
3330.000000 4047.228747
3340.000000 4042.269250
3350.000000 4037.397665
3360.000000 4032.635571
3370.000000 4028.096288
3380.000000 4023.792536
3390.000000 4019.756808
3400.000000 4015.804548
3410.000000 4011.774126
3420.000000 4007.758093
3430.000000 4003.838015
3440.000000 4000.151383
3450.000000 3996.614662
3460.000000 3993.126679
3470.000000 3989.757318
3480.000000 3986.428483
3490.000000 3983.085672
3500.000000 3979.865099
3510.000000 3976.759042
3520.000000 3973.771361
3530.000000 3971.061369
3540.000000 3968.573286
3550.000000 3966.141492
3560.000000 3963.742103
3570.000000 3961.569878
3580.000000 3959.608248
3590.000000 3957.680144
3600.000000 3955.647115
3610.000000 3953.604444
3620.000000 3951.916194
3630.000000 3950.746748
3640.000000 3950.060220
3650.000000 3949.737999
3660.000000 3949.649385
3670.000000 3949.685979
3680.000000 3949.772361
3690.000000 3949.863681
3700.000000 3949.937772
3710.000000 3949.986385
3720.000000 3950.007919
3730.000000 3950.002586
3740.000000 3949.970252
3750.000000 3949.910978
3760.000000 3949.828246
3770.000000 3949.734831
3780.000000 3949.660863
3790.000000 3949.662664
3800.000000 3949.829207
3810.000000 3950.280454
3820.000000 3951.148699
3830.000000 3952.531243
3840.000000 3954.401943
3850.000000 3956.473399
3860.000000 3958.181334
3870.000000 3959.153526
3880.000000 3959.211879
3890.000000 3958.278178
3900.000000 3956.369553
3910.000000 3953.691563
3920.000000 3950.658972
3930.000000 3947.489961
3940.000000 3944.339089
3950.000000 3941.444948
3960.000000 3938.774613
3970.000000 3936.146929
3980.000000 3933.502572
3990.000000 3931.001137
4000.000000 3928.616243
4010.000000 3926.219457
4020.000000 3923.820916
4030.000000 3921.642177
4040.000000 3919.685707
4050.000000 3917.786052
4060.000000 3915.808239
4070.000000 3913.839993
4080.000000 3912.221389
4090.000000 3911.069342
4100.000000 3910.270853
4110.000000 3909.600094
4120.000000 3908.802025
4130.000000 3907.663718
4140.000000 3906.097711
4150.000000 3904.257301
4160.000000 3902.523920
4170.000000 3901.018153
4180.000000 3899.604398
4190.000000 3898.043706
4200.000000 3896.139135
4210.000000 3893.895107
4220.000000 3891.541119
4230.000000 3889.085656
4240.000000 3886.384785
4250.000000 3883.390094
4260.000000 3880.252927
4270.000000 3876.954656
4280.000000 3873.454048
4290.000000 3869.851109
4300.000000 3866.068813
4310.000000 3862.048010
4320.000000 3857.959981
4330.000000 3853.938991
4340.000000 3850.155521
4350.000000 3846.548866
4360.000000 3843.039816
4370.000000 3839.725985
4380.000000 3836.564418
4390.000000 3833.537022
4400.000000 3830.800361
4410.000000 3828.319117
4420.000000 3825.973680
4430.000000 3823.810264
4440.000000 3822.108015
4450.000000 3820.924033
4460.000000 3820.095979
4470.000000 3819.363178
4480.000000 3818.453770
4490.000000 3817.162521
4500.000000 3815.445184
4510.000000 3813.548360
4520.000000 3812.010458
4530.000000 3811.175735
4540.000000 3811.175683
4550.000000 3812.010308
4560.000000 3813.548139
4570.000000 3815.444952
4580.000000 3817.162393
4590.000000 3818.453935
4600.000000 3819.363912
4610.000000 3820.097623
4620.000000 3820.926912
4630.000000 3822.112271
4640.000000 3823.815563
4650.000000 3825.978793
4660.000000 3828.321411
4670.000000 3830.795332
4680.000000 3833.518140
4690.000000 3836.523738
4700.000000 3839.656169
4710.000000 3842.938322
4720.000000 3846.424973
4730.000000 3850.040324
4740.000000 3853.897269
4750.000000 3858.100643
4760.000000 3862.526446
4770.000000 3867.070241
4780.000000 3871.539644
4790.000000 3875.869824
4800.000000 3880.010970
4810.000000 3884.162773
4820.000000 3888.523649
4830.000000 3893.038920
4840.000000 3897.632303
4850.000000 3902.088987
4860.000000 3906.266542
4870.000000 3909.984960
4880.000000 3913.278563
4890.000000 3916.190257
4900.000000 3918.608124
4910.000000 3920.642785
4920.000000 3922.550435
4930.000000 3924.525105
4940.000000 3926.504669
4950.000000 3928.141074
4960.000000 3929.274853
4970.000000 3929.940807
4980.000000 3930.254052
4990.000000 3930.341499
5000.000000 3930.308418
5010.000000 3930.227939
5020.000000 3930.143139
5030.000000 3930.074374
5040.000000 3930.027417
5050.000000 3930.000242
5060.000000 3929.987751
5070.000000 3929.984577
5080.000000 3929.986422
5090.000000 3929.990447
5100.000000 3929.995136
5110.000000 3929.999914
